Centered finite-difference hessian with h 0.001:
S0:
-139.595471708 -6.82339114988 -6.82339114988 -8.73478325047 -8.42821602376 -8.72382312522 -8.1326761503 -0.875598900052 -4.99523759956 -9.36463455048 -6.3085698514 -4.49330149976 
-6.55054662602 28.6602346904 1.48015405088 1.48015405088 1.75809917735 1.54192587587 2.04517887425 9.27328487776 5.13636864952 0.731368899665 3.75588312451 5.55029222582 
-8.51211504838 1.6746718039 -2.46525590342 -0.059101772365 -0.059101772365 -0.286225649404 0.236599472458 7.46604115065 3.32487680055 -1.07472270017 1.96350422499 3.76929225254 
-8.43098672476 1.93935777659 0.0695018762542 1.74501499828 -0.156719750066 -0.156719750066 0.421150200935 7.63102685042 3.47350379926 -0.932281526644 2.10411634782 3.91185482229 
-8.89573020046 1.5915021514 -0.293254274197 -0.116765175306 -4.23803840022 0.105741101208 0.105741101208 7.32121477753 3.1617532521 -1.23665900276 1.81377557595 3.63700947048 
-8.23423199847 2.18021494902 0.254291474988 0.375332650293 0.163276752119 5.24938118929 7.83952884831 7.83952884831 3.65457942664 -0.763559597772 2.27880547143 4.09450392524 
-1.05700175013 9.39885790174 7.47240572707 7.6328471259 7.36563657355 7.87184014683 120.686303205 10.8790451741 10.8790451741 6.47266277198 9.5277504002 11.3470822782 
-5.31986697538 5.16363662229 3.23423845217 3.41216232513 3.1289084248 3.65062259888 10.8926636742 53.8289450986 2.26462785236 2.26462785236 5.30120329856 7.12447094742 
-9.66057270446 0.810442898569 -1.11519955226 -0.913365902022 -1.20755519717 -0.665208023776 6.57162454942 2.38299830002 -16.5555308058 0.993888871648 0.993888871648 2.82631305026 
-6.65814502199 3.80612990014 1.87343157521 2.09112689831 1.77504757559 2.32645430032 9.56468809932 5.38517420168 1.04908125209 31.9727940905 5.7567304026 5.7567304026 
-4.92908374738 5.56834450194 3.63527597358 3.87406427649 3.54635145072 4.11554919921 11.3610285979 7.181561827 2.83320414951 5.80790054983 60.1212175866 6.0916725495 
-6.44675029804 4.06316184964 2.12271287836 2.37886527543 2.02992819709 2.61084322517 9.84457757269 5.66966607352 1.29177109898 4.30368784876 6.10626189967 37.0275679984 
Centered finite-difference hessian with h 0.001:
S1:
45.2839049956 1.04234145226 1.04234145226 1.62042260143 1.72053684722 1.54313417156 0.519339575789 0.78876372811 2.84031660058 0.988204973851 0.656317148184 0.680309874213 
1.28934187416 -15.215970393 -0.552525825981 -0.552525825981 -0.482247049405 -0.580868146471 -1.68284347524 -1.4335398788 0.574832547784 -1.30230255024 -1.64987807594 -1.64751175191 
1.82682802574 -0.360818351197 2.28771401112 0.194945151577 0.194945151577 0.0837910221207 -1.00276577442 -0.744696574628 1.25782900184 -0.618941403019 -0.949237126235 -0.936071426594 
1.71807839777 -0.304430400888 0.320250123309 4.22910301268 0.00843962766339 0.00843962766339 -1.02617230269 -0.780693525826 1.20334692255 -0.684425373265 -1.01340220127 -0.997386599977 
1.38180492826 -0.530059224957 0.0778850512972 0.0519561993428 -3.83658118608 -1.22296049909 -1.22296049909 -0.964261648306 1.01551424692 -0.865447052689 -1.17666689903 -1.14550595143 
0.425591576203 -1.56197477708 -0.994326573078 -1.07190225052 -1.15831462466 -36.5977321906 -2.06686459947 -2.06686459947 -0.108612777439 -2.00215527713 -2.31639335269 -2.29437034704 
0.643045975579 -1.3293403498 -0.763598126952 -0.808025500731 -0.95487467533 -2.06608654807 -29.1484757895 0.121200926628 0.121200926628 -1.78098877868 -2.08787077582 -2.06262067337 
2.58470105052 0.631400727258 1.19912115082 1.1796794972 1.01757192184 -0.0840253022716 0.171823575812 35.4591186067 0.244393124404 0.244393124404 -0.0943318738678 -0.0567608040569 
0.705557500424 -1.22119892509 -0.652314422922 -0.65073104949 -0.828648047957 -1.91407865202 -1.6459467993 0.383020399397 -25.0806153872 -1.91792755189 -1.91792755189 -1.87471312429 
0.31541177492 -1.60830802898 -1.04583782701 -1.03008719776 -1.22723187346 -2.30064055273 -2.03971107027 0.00190635063291 -1.86021002335 -36.8390959693 -2.32320855176 -2.32320855176 
0.267623274652 -1.63260057917 -1.07125759996 -1.03471962731 -1.24058965056 -2.29178585087 -2.03172072588 -9.87476767023e-05 -1.85576870138 -2.26599932418 -37.5246099793 -1.23938839991 
1.28040682412 -0.609333550727 -0.0568454225913 -0.0045879744448 -0.232853576421 -1.27100312497 -1.02486875164 1.0021597241 -0.873923724498 -1.25968042397 -1.23965060084 -3.21244257862 
